reddit_post_id,comments,unique_authors,max_depth,top_level_comments,reply_edges,subreddit,title
17rw0dh,80,52,7,23,57,australia,Australia to offer residency to people from Tuvalu displaced by climate change
1ft9v3c,66,27,7,9,57,australia,"Australia’s ‘immoral’ coalmine decision akin to drowning Pacific neighbours, Tuvalu climate minister declares"
1lmme5u,1,1,0,1,0,anime_titties,A Special ‘Climate’ Visa? People in Tuvalu Are Applying Fast. • Nearly half the citizens of the tiny Pacific Island nation have already applied in a lottery for Australian visas amid an existential threat from global warming and sea-level rise.
1ma5xa3,78,56,8,18,60,australia,"Tuvalu launches a unique migration program, allowing residents to move to Australia due to climate change threats, with over 5,000 applications already received."
